0 0 1
0.99863 0 0.052336 1.99726
0 1 0 2
-0.052336 0 0.99863 -0.104672
0.000000 0.000000 0.000000 1.000000
1 1 2
0.998665 0.000535288 0.0516659 1.99711
-0.000529 1 -0.000134 2.00026
-0.0516659 0.000106131 0.998665 -0.104772
0.000000 0.000000 0.000000 1.000000
2 2 3
0.998634 5.49244e-005 0.052255 1.99721
1.9e-005 0.999999 -0.001412 2.00058
-0.0522551 0.00141106 0.998633 -0.104726
0.000000 0.000000 0.000000 1.000000
3 3 4
0.998552 -0.00120646 0.0537789 1.99664
0.001211 0.999999 -5.3e-005 2.0016
-0.0537789 0.000118303 0.998553 -0.104324
0.000000 0.000000 0.000000 1.000000
4 4 5
0.99856 -0.00195994 0.0536119 1.99705
0.00181 0.999994 0.002839 2.0025
-0.0536171 -0.00273718 0.998558 -0.103613
0.000000 0.000000 0.000000 1.000000
5 5 6
0.998528 -0.00217235 0.0541898 1.99661
0.001937 0.999988 0.004399 2.00301
-0.0541992 -0.00428718 0.998521 -0.103312
0.000000 0.000000 0.000000 1.000000
6 6 7
0.998584 -0.00238985 0.0531468 1.99695
0.00206 0.999978 0.006263 2.00358
-0.0531607 -0.00614435 0.998567 -0.102968
0.000000 0.000000 0.000000 1.000000
7 7 8
0.998555 -0.00220311 0.0536934 1.997
0.001784 0.999967 0.007867 2.00427
-0.0537089 -0.00775933 0.998526 -0.102517
0.000000 0.000000 0.000000 1.000000
8 8 9
0.998571 -0.00211474 0.0533994 1.99659
0.001643 0.999959 0.008887 2.00469
-0.0534164 -0.00878636 0.998534 -0.102113
0.000000 0.000000 0.000000 1.000000
9 9 10
0.998604 -0.00311668 0.0527356 1.99689
0.002576 0.999943 0.010323 2.00537
-0.0527652 -0.0101728 0.998555 -0.101891
0.000000 0.000000 0.000000 1.000000
10 10 11
0.998594 -0.00311319 0.0529287 1.99694
0.002517 0.999932 0.011345 2.0057
-0.0529609 -0.0111954 0.998533 -0.101471
0.000000 0.000000 0.000000 1.000000
11 11 12
0.998584 -0.00260716 0.0531338 1.9967
0.001947 0.99992 0.012475 2.0062
-0.0531617 -0.0123545 0.99851 -0.101282
0.000000 0.000000 0.000000 1.000000
12 12 13
0.998615 -0.00220768 0.0525705 1.99664
0.001475 0.999901 0.013981 2.00688
-0.0525965 -0.0138845 0.998519 -0.101003
0.000000 0.000000 0.000000 1.000000
13 13 14
0.998627 -0.00244139 0.0523387 1.99651
0.001631 0.999878 0.015508 2.00782
-0.0523699 -0.0154013 0.998509 -0.100632
0.000000 0.000000 0.000000 1.000000
14 14 15
0.998616 -0.00185639 0.0525533 1.99635
0.000978 0.99986 0.016733 2.0084
-0.0525766 -0.0166587 0.998478 -0.100221
0.000000 0.000000 0.000000 1.000000
15 15 16
0.998668 -0.00139717 0.0515893 1.99611
0.000459 0.999834 0.018205 2.00913
-0.051606 -0.0181568 0.998502 -0.0999171
0.000000 0.000000 0.000000 1.000000
16 16 17
0.998665 -0.000752462 0.0516515 1.99596
-0.000227 0.99982 0.018957 2.00977
-0.0516569 -0.0189436 0.998485 -0.0994158
0.000000 0.000000 0.000000 1.000000
17 17 18
0.998623 -0.000588232 0.0524587 1.99529
-0.000439 0.999808 0.019578 2.00993
-0.0524608 -0.019574 0.998431 -0.0990422
0.000000 0.000000 0.000000 1.000000
18 18 19
0.998769 -0.00078762 0.0496016 1.99567
-0.000271 0.999772 0.021327 2.01027
-0.0496065 -0.021315 0.998541 -0.0984923
0.000000 0.000000 0.000000 1.000000
19 19 20
0.998773 -0.000267532 0.0495191 1.995
-0.000769 0.999781 0.020914 2.00996
-0.0495146 -0.0209257 0.998554 -0.0982939
0.000000 0.000000 0.000000 1.000000
20 20 21
0.998804 0.00101955 0.0488888 1.99463
-0.002046 0.999778 0.020959 2.01064
-0.0488573 -0.0210342 0.998584 -0.0981522
0.000000 0.000000 0.000000 1.000000
21 21 22
0.9988 0.00202946 0.0489339 1.99422
-0.003099 0.999758 0.021796 2.01161
-0.0488781 -0.0219223 0.998564 -0.0978926
0.000000 0.000000 0.000000 1.000000
22 22 23
0.998779 0.00314573 0.0493054 1.99414
-0.004309 0.999714 0.02352 2.0123
-0.0492165 -0.0237041 0.998507 -0.0975438
0.000000 0.000000 0.000000 1.000000
23 23 24
0.998761 0.00420233 0.0495923 1.99338
-0.005477 0.999657 0.025602 2.0132
-0.0494679 -0.0258413 0.998441 -0.0971375
0.000000 0.000000 0.000000 1.000000
24 24 25
0.998745 0.005402 0.0497848 1.99277
-0.006801 0.999586 0.027964 2.0143
-0.0496133 -0.0282675 0.998369 -0.096707
0.000000 0.000000 0.000000 1.000000
25 25 26
0.998741 0.00775702 0.0495622 1.99188
-0.009451 0.999376 0.034036 2.01803
-0.0492676 -0.0344622 0.998191 -0.095814
0.000000 0.000000 0.000000 1.000000
26 26 27
0.998748 0.00805895 0.0493595 1.99136
-0.009903 0.999257 0.03724 2.01982
-0.0490226 -0.0376814 0.998087 -0.095226
0.000000 0.000000 0.000000 1.000000
27 27 28
0.998739 0.00805494 0.0495347 1.99122
-0.010065 0.99913 0.040463 2.02165
-0.0491664 -0.0409106 0.997952 -0.0946943
0.000000 0.000000 0.000000 1.000000
28 28 29
0.99877 0.00677468 0.0491185 1.99101
-0.008936 0.998995 0.043917 2.02331
-0.0487724 -0.0443023 0.997827 -0.0941695
0.000000 0.000000 0.000000 1.000000
29 29 30
0.998757 0.00571341 0.0495218 1.99104
-0.008043 0.998864 0.046978 2.02449
-0.0491963 -0.0473179 0.997667 -0.0936082
0.000000 0.000000 0.000000 1.000000
30 30 31
0.998788 0.00449563 0.0490258 1.99075
-0.006911 0.998765 0.0492 2.02502
-0.0487443 -0.0494791 0.997585 -0.0932465
0.000000 0.000000 0.000000 1.000000
31 31 32
0.998793 0.00267378 0.0490442 1.99022
-0.005175 0.998689 0.050936 2.02544
-0.0488438 -0.051129 0.997497 -0.0929356
0.000000 0.000000 0.000000 1.000000
32 32 33
0.998815 0.00314019 0.0485684 1.98999
-0.005606 0.998698 0.050711 2.02561
-0.0483462 -0.0509231 0.997532 -0.0931638
0.000000 0.000000 0.000000 1.000000
33 33 34
0.998826 0.00346187 0.0483078 1.98966
-0.005929 0.99868 0.051017 2.02546
-0.0480674 -0.0512434 0.997529 -0.0934536
0.000000 0.000000 0.000000 1.000000
34 34 35
0.998847 0.00380014 0.047848 1.98912
-0.006231 0.998691 0.050759 2.02557
-0.0475918 -0.0509988 0.997564 -0.0938119
0.000000 0.000000 0.000000 1.000000
35 35 36
0.998885 0.00523905 0.0469313 1.98862
-0.0076 0.998706 0.050279 2.02569
-0.0466075 -0.0505795 0.997632 -0.0940764
0.000000 0.000000 0.000000 1.000000
36 36 37
0.998925 0.00649212 0.0459127 1.98815
-0.008726 0.998779 0.048619 2.02624
-0.0455411 -0.0489679 0.997761 -0.0942989
0.000000 0.000000 0.000000 1.000000
37 37 38
0.99897 0.00402317 0.0451789 1.98791
-0.006048 0.998979 0.044777 2.02572
-0.0449527 -0.0450042 0.997975 -0.0947932
0.000000 0.000000 0.000000 1.000000
38 38 39
0.998922 0.00514434 0.0461221 1.98794
-0.007066 0.99911 0.041596 2.02489
-0.0458674 -0.0418776 0.998069 -0.0951239
0.000000 0.000000 0.000000 1.000000
39 39 40
0.998877 0.00588007 0.0470153 1.98772
-0.007454 0.999415 0.033373 2.02151
-0.0467913 -0.0336859 0.998337 -0.096213
0.000000 0.000000 0.000000 1.000000
40 40 41
0.998842 0.0100499 0.0470636 1.98743
-0.010973 0.999751 0.019414 2.01699
-0.0468565 -0.0199083 0.998704 -0.0979362
0.000000 0.000000 0.000000 1.000000
41 41 42
0.998446 0.0302304 0.046815 1.98618
-0.030009 0.999535 -0.005424 2.0112
-0.046957 0.00401136 0.998889 -0.100707
0.000000 0.000000 0.000000 1.000000
42 42 43
0.998551 0.0289089 0.0453814 1.98576
-0.028201 0.999472 -0.016156 2.01009
-0.0458249 0.0148524 0.998839 -0.102616
0.000000 0.000000 0.000000 1.000000
43 43 44
0.998657 0.0271435 0.0441267 1.98557
-0.02615 0.999394 -0.022954 2.00791
-0.044723 0.0217692 0.998762 -0.103992
0.000000 0.000000 0.000000 1.000000
44 44 45
0.998705 0.0259349 0.0437588 1.98485
-0.024652 0.999257 -0.029613 2.00528
-0.0444942 0.0284957 0.998603 -0.105029
0.000000 0.000000 0.000000 1.000000
45 45 46
0.998807 0.0232827 0.0429165 1.98481
-0.021565 0.998964 -0.040062 2.00333
-0.0438046 0.0390891 0.998275 -0.10648
0.000000 0.000000 0.000000 1.000000
46 46 47
0.998847 0.0210784 0.0431295 1.984
-0.018549 0.998132 -0.058218 1.99999
-0.0442763 0.0573504 0.997372 -0.108935
0.000000 0.000000 0.000000 1.000000
47 47 48
0.9989 0.0218061 0.0415074 1.98295
-0.01906 0.997674 -0.06545 1.99753
-0.0428381 0.0645873 0.996992 -0.10973
0.000000 0.000000 0.000000 1.000000
48 48 49
0.999105 0.0212089 0.0365994 1.98443
-0.018155 0.996481 -0.081826 1.99683
-0.0382055 0.0810881 0.995974 -0.112014
0.000000 0.000000 0.000000 1.000000
49 49 50
0.999164 0.0189508 0.0362038 1.98398
-0.015725 0.996049 -0.087406 1.99472
-0.0377169 0.0867631 0.995515 -0.112935
0.000000 0.000000 0.000000 1.000000
50 50 51
0.999219 0.0171845 0.0355694 1.98362
-0.01381 0.995566 -0.093043 1.99223
-0.0370108 0.0924794 0.995026 -0.113752
0.000000 0.000000 0.000000 1.000000
51 51 52
0.999262 0.0169353 0.0344799 1.98352
-0.013447 0.994997 -0.098999 1.9909
-0.0359847 0.0984626 0.99449 -0.114525
0.000000 0.000000 0.000000 1.000000
52 52 53
0.999365 0.0145477 0.0325273 1.98367
-0.011063 0.994427 -0.104843 1.98889
-0.0338711 0.104417 0.993957 -0.115358
0.000000 0.000000 0.000000 1.000000
53 53 54
0.999363 0.0161786 0.0318075 1.98351
-0.012561 0.993761 -0.110823 1.98766
-0.0334024 0.110353 0.993331 -0.116017
0.000000 0.000000 0.000000 1.000000
54 54 55
0.999274 0.0195226 0.03272 1.98351
-0.015535 0.992894 -0.117987 1.9859
-0.0347906 0.117392 0.992476 -0.11657
0.000000 0.000000 0.000000 1.000000
55 55 56
0.999228 0.0201559 0.0337168 1.98238
-0.015854 0.992242 -0.123304 1.98587
-0.0359408 0.122674 0.991796 -0.117269
0.000000 0.000000 0.000000 1.000000
56 56 57
0.999392 0.015493 0.0312362 1.98135
-0.011401 0.991818 -0.127148 1.98496
-0.0329503 0.126715 0.991392 -0.118027
0.000000 0.000000 0.000000 1.000000
57 57 58
0.999545 0.013832 0.0268104 1.9813
-0.010105 0.990866 -0.134467 1.98259
-0.0284251 0.134135 0.990555 -0.119186
0.000000 0.000000 0.000000 1.000000
58 58 59
0.999593 0.0131662 0.0253007 1.98037
-0.009558 0.99042 -0.137759 1.98224
-0.0268725 0.137461 0.990143 -0.119811
0.000000 0.000000 0.000000 1.000000
59 59 60
0.999681 0.0107684 0.0228568 1.97964
-0.007467 0.990137 -0.139902 1.98187
-0.0241383 0.139687 0.989901 -0.120301
0.000000 0.000000 0.000000 1.000000
60 60 61
0.999787 0.00855117 0.0188221 1.97972
-0.005667 0.988934 -0.148248 1.97721
-0.019882 0.148109 0.988771 -0.121716
0.000000 0.000000 0.000000 1.000000
61 61 62
0.999797 0.0101124 0.0174617 1.97919
-0.0073 0.988011 -0.154212 1.97608
-0.0188111 0.154053 0.987883 -0.122509
0.000000 0.000000 0.000000 1.000000
62 62 63
0.999823 0.00909779 0.0164314 1.97889
-0.006358 0.987141 -0.159723 1.97469
-0.0176739 0.159591 0.987025 -0.12333
0.000000 0.000000 0.000000 1.000000
63 63 64
0.999845 0.00857783 0.0153546 1.97907
-0.005938 0.986375 -0.164403 1.97281
-0.0165555 0.164286 0.986274 -0.124227
0.000000 0.000000 0.000000 1.000000
64 64 65
0.999851 0.00792714 0.0153348 1.98009
-0.005121 0.984549 -0.175037 1.96939
-0.0164858 0.174933 0.984443 -0.125929
0.000000 0.000000 0.000000 1.000000
65 65 66
0.999861 0.00807097 0.0145682 1.98019
-0.005312 0.98359 -0.18034 1.96697
-0.0157853 0.180238 0.983496 -0.127003
0.000000 0.000000 0.000000 1.000000
66 66 67
0.999845 0.00998791 0.0144961 1.98077
-0.007127 0.982623 -0.185478 1.96512
-0.0160969 0.185345 0.982542 -0.128035
0.000000 0.000000 0.000000 1.000000
67 67 68
0.999838 0.0102737 0.0148303 1.98118
-0.007255 0.98159 -0.190861 1.96258
-0.0165191 0.190723 0.981505 -0.129175
0.000000 0.000000 0.000000 1.000000
68 68 69
0.999534 0.0240389 0.0188038 1.98444
-0.019213 0.974334 -0.224288 1.94669
-0.0237121 0.223822 0.974341 -0.136644
0.000000 0.000000 0.000000 1.000000
69 69 70
0.999391 0.0289387 0.0194834 1.98516
-0.023555 0.971702 -0.235031 1.94438
-0.0257343 0.234429 0.971792 -0.138434
0.000000 0.000000 0.000000 1.000000
70 70 71
0.999282 0.0314539 0.0210973 1.98598
-0.025359 0.96941 -0.244133 1.94183
-0.0281309 0.243422 0.969513 -0.140292
0.000000 0.000000 0.000000 1.000000
71 71 72
0.999204 0.0331454 0.0221669 1.98596
-0.02653 0.967629 -0.250979 1.93868
-0.0297681 0.250191 0.967739 -0.142055
0.000000 0.000000 0.000000 1.000000
72 72 73
0.999187 0.033283 0.022735 1.98673
-0.026293 0.965726 -0.258229 1.93651
-0.0305503 0.257421 0.965816 -0.143745
0.000000 0.000000 0.000000 1.000000
73 73 74
0.999136 0.034516 0.0231523 1.98697
-0.027166 0.963947 -0.264705 1.93422
-0.0314539 0.263847 0.964051 -0.145347
0.000000 0.000000 0.000000 1.000000
74 74 75
0.999119 0.035287 0.0227033 1.98782
-0.027839 0.962305 -0.270545 1.93208
-0.0313949 0.269675 0.96244 -0.146865
0.000000 0.000000 0.000000 1.000000
75 75 76
0.999093 0.0357553 0.0231354 1.98826
-0.02806 0.961325 -0.273984 1.92972
-0.0320374 0.273087 0.961456 -0.148224
0.000000 0.000000 0.000000 1.000000
76 76 77
0.999097 0.0355981 0.0231806 1.98866
-0.027794 0.960457 -0.277039 1.92764
-0.0321257 0.276144 0.960579 -0.14956
0.000000 0.000000 0.000000 1.000000
77 77 78
0.999059 0.0368614 0.0228657 1.98908
-0.029007 0.95966 -0.279663 1.92562
-0.0322519 0.278736 0.959826 -0.150859
0.000000 0.000000 0.000000 1.000000
78 78 79
0.998991 0.0393902 0.0215701 1.99048
-0.031701 0.958726 -0.282559 1.92377
-0.0318098 0.281589 0.959007 -0.152154
0.000000 0.000000 0.000000 1.000000
79 79 80
0.998916 0.0421757 0.019663 1.99149
-0.034497 0.954756 -0.295382 1.91571
-0.031231 0.294384 0.955177 -0.158057
0.000000 0.000000 0.000000 1.000000
80 80 81
0.998949 0.041467 0.0195093 1.99106
-0.03383 0.954443 -0.29647 1.91438
-0.0309143 0.295499 0.954843 -0.159018
0.000000 0.000000 0.000000 1.000000
81 81 82
0.999033 0.0401667 0.0178822 1.9915
-0.032902 0.952763 -0.301929 1.91215
-0.0291643 0.301048 0.953162 -0.16107
0.000000 0.000000 0.000000 1.000000
82 82 83
0.999126 0.0383191 0.0166804 1.99233
-0.03141 0.951795 -0.305123 1.91067
-0.027569 0.304333 0.952167 -0.162237
0.000000 0.000000 0.000000 1.000000
83 83 84
0.999192 0.0367936 0.0161504 1.99205
-0.030034 0.950868 -0.308137 1.90928
-0.0266943 0.307403 0.951205 -0.163429
0.000000 0.000000 0.000000 1.000000
84 84 85
0.999281 0.0348828 0.0148679 1.99265
-0.028485 0.949371 -0.312862 1.90759
-0.0250286 0.312214 0.949682 -0.164809
0.000000 0.000000 0.000000 1.000000
85 85 86
0.999324 0.0336568 0.0147728 1.99284
-0.027243 0.948031 -0.317009 1.90537
-0.0246754 0.316392 0.948308 -0.166268
0.000000 0.000000 0.000000 1.000000
86 86 87
0.999375 0.0320713 0.0148572 1.99319
-0.025604 0.94665 -0.321246 1.90357
-0.0243677 0.320665 0.946879 -0.167579
0.000000 0.000000 0.000000 1.000000
87 87 88
0.999448 0.0305453 0.0130423 1.99384
-0.024594 0.94454 -0.327474 1.90041
-0.0223217 0.326972 0.94477 -0.170046
0.000000 0.000000 0.000000 1.000000
88 88 89
0.999446 0.031361 0.0111225 1.99357
-0.025878 0.94268 -0.332692 1.89783
-0.0209186 0.33222 0.94297 -0.172581
0.000000 0.000000 0.000000 1.000000
89 89 90
0.99945 0.0317083 0.00978368 1.99396
-0.02656 0.941137 -0.336979 1.89643
-0.0198924 0.336534 0.941461 -0.174026
0.000000 0.000000 0.000000 1.000000
90 90 91
0.999438 0.0323059 0.00887595 1.99402
-0.027343 0.939625 -0.341112 1.89483
-0.0193601 0.340677 0.939981 -0.17543
0.000000 0.000000 0.000000 1.000000
91 91 92
0.999417 0.0331302 0.00817748 1.99425
-0.028269 0.938033 -0.345391 1.89363
-0.0191137 0.344959 0.938423 -0.176773
0.000000 0.000000 0.000000 1.000000
92 92 93
0.999443 0.0324354 0.00790304 1.99389
-0.027655 0.936997 -0.348242 1.8918
-0.0187004 0.347829 0.937371 -0.178041
0.000000 0.000000 0.000000 1.000000
93 93 94
0.999496 0.0307559 0.0078063 1.99469
-0.026059 0.935979 -0.35109 1.89032
-0.0181044 0.35071 0.936309 -0.179389
0.000000 0.000000 0.000000 1.000000
94 94 95
0.999485 0.0310163 0.00814629 1.99415
-0.026125 0.934862 -0.354049 1.88909
-0.0185965 0.353653 0.935191 -0.180772
0.000000 0.000000 0.000000 1.000000
95 95 96
0.99948 0.0311797 0.00813919 1.99378
-0.026221 0.93373 -0.357018 1.88769
-0.0187314 0.356619 0.934062 -0.182277
0.000000 0.000000 0.000000 1.000000
96 96 97
0.999492 0.0307664 0.00832512 1.99386
-0.025675 0.931962 -0.361645 1.88678
-0.0188853 0.361247 0.932279 -0.183838
0.000000 0.000000 0.000000 1.000000
97 97 98
0.999464 0.0314659 0.00899733 1.99587
-0.025922 0.928967 -0.369255 1.88382
-0.0199773 0.368824 0.929285 -0.186893
0.000000 0.000000 0.000000 1.000000
98 98 99
0.999419 0.0320908 0.0114578 1.99417
-0.02554 0.928069 -0.371532 1.88234
-0.0225565 0.371023 0.92835 -0.188364
0.000000 0.000000 0.000000 1.000000
99 99 100
0.999434 0.0315475 0.0116926 1.99481
-0.024874 0.926857 -0.374591 1.88095
-0.0226544 0.374088 0.927117 -0.189859
0.000000 0.000000 0.000000 1.000000
100 100 101
0.999494 0.026635 0.017451 1.99809
-0.0181788 0.927238 -0.374033 1.8877
-0.0261433 0.373526 0.927251 -0.190895
0.000000 0.000000 0.000000 1.000000
101 101 102
0.999464 0.0258978 0.020055 1.99618
-0.0163285 0.924703 -0.380341 1.88365
-0.0283944 0.379809 0.924629 -0.194019
0.000000 0.000000 0.000000 1.000000
102 102 103
0.999532 0.0237787 0.0192403 1.99727
-0.0146066 0.923722 -0.382786 1.8823
-0.026875 0.382324 0.923638 -0.195461
0.000000 0.000000 0.000000 1.000000
103 103 104
0.999502 0.024243 0.0201936 1.99602
-0.0146164 0.922968 -0.384601 1.88082
-0.0279622 0.384114 0.922863 -0.196816
0.000000 0.000000 0.000000 1.000000
104 104 105
0.99949 0.0244706 0.0205133 1.99574
-0.0146438 0.922162 -0.38653 1.87925
-0.0283753 0.386031 0.922049 -0.198138
0.000000 0.000000 0.000000 1.000000
105 105 106
0.999486 0.025039 0.0200293 1.99592
-0.0153082 0.921502 -0.388074 1.87827
-0.0281741 0.387568 0.92141 -0.199276
0.000000 0.000000 0.000000 1.000000
106 106 107
0.999461 0.0252041 0.0210028 1.99471
-0.0149866 0.920212 -0.391133 1.87625
-0.029185 0.390607 0.920095 -0.201249
0.000000 0.000000 0.000000 1.000000
107 107 108
0.999474 0.0253192 0.0203243 1.9954
-0.015315 0.919631 -0.392485 1.87561
-0.0286274 0.391966 0.919535 -0.202131
0.000000 0.000000 0.000000 1.000000
108 108 109
0.999463 0.0250355 0.0211255 1.9944
-0.0147214 0.919398 -0.393053 1.87488
-0.0292624 0.39253 0.919274 -0.202857
0.000000 0.000000 0.000000 1.000000
109 109 110
0.999443 0.0257412 0.0212732 1.99393
-0.0153005 0.919224 -0.39344 1.87455
-0.0296812 0.392893 0.919104 -0.20333
0.000000 0.000000 0.000000 1.000000
110 110 111
0.999406 0.0265421 0.0219923 1.9933
-0.015767 0.919367 -0.393087 1.87441
-0.0306516 0.392506 0.919238 -0.203541
0.000000 0.000000 0.000000 1.000000
111 111 112
0.999409 0.0263099 0.0221361 1.99301
-0.0155579 0.920165 -0.391223 1.8747
-0.0306622 0.390646 0.920029 -0.203541
0.000000 0.000000 0.000000 1.000000
112 112 113
0.999407 0.02626 0.0223092 1.99257
-0.0155268 0.921195 -0.388792 1.87528
-0.0307607 0.388215 0.921056 -0.203394
0.000000 0.000000 0.000000 1.000000
113 113 114
0.999411 0.0254134 0.0230953 1.99201
-0.0145119 0.922095 -0.386695 1.8766
-0.0311225 0.386131 0.921919 -0.203113
0.000000 0.000000 0.000000 1.000000
114 114 115
0.999399 0.025226 0.0237698 1.99145
-0.0142061 0.923656 -0.382961 1.87716
-0.0316157 0.382393 0.923459 -0.202826
0.000000 0.000000 0.000000 1.000000
115 115 116
0.999362 0.0242521 0.0262117 1.99034
-0.0127488 0.927941 -0.372511 1.87923
-0.0333567 0.371939 0.927657 -0.201827
0.000000 0.000000 0.000000 1.000000
116 116 117
0.999359 0.0233737 0.0271227 1.98949
-0.0118183 0.930405 -0.366345 1.88119
-0.0337977 0.365789 0.930084 -0.201043
0.000000 0.000000 0.000000 1.000000
117 117 118
0.999241 0.0246287 0.0301735 1.98731
-0.0124071 0.935616 -0.352802 1.88531
-0.0369189 0.35216 0.935212 -0.199073
0.000000 0.000000 0.000000 1.000000
118 118 119
0.999211 0.0246708 0.0311158 1.98653
-0.0123881 0.938149 -0.346011 1.88721
-0.0377271 0.345352 0.937715 -0.19807
0.000000 0.000000 0.000000 1.000000
119 119 120
0.999171 0.0248607 0.032265 1.98637
-0.0124669 0.940772 -0.338811 1.88953
-0.0387762 0.338127 0.940301 -0.196996
0.000000 0.000000 0.000000 1.000000
120 120 121
0.999061 0.0258676 0.0347714 1.98485
-0.0128588 0.943131 -0.332173 1.89179
-0.0413856 0.331414 0.942577 -0.196033
0.000000 0.000000 0.000000 1.000000
121 121 122
0.99897 0.0259625 0.0372292 1.98334
-0.0123895 0.945079 -0.326608 1.894
-0.0436632 0.32581 0.944426 -0.195075
0.000000 0.000000 0.000000 1.000000
122 122 123
0.998891 0.0265951 0.0388407 1.9824
-0.0126679 0.946548 -0.322319 1.89636
-0.0453357 0.321469 0.945833 -0.194111
0.000000 0.000000 0.000000 1.000000
123 123 124
0.998803 0.0280587 0.0400723 1.98132
-0.0139059 0.948207 -0.317349 1.89845
-0.0469011 0.316411 0.947461 -0.193127
0.000000 0.000000 0.000000 1.000000
124 124 125
0.998739 0.0285139 0.0413214 1.9804
-0.0141812 0.949772 -0.312624 1.901
-0.0481595 0.311644 0.948978 -0.192108
0.000000 0.000000 0.000000 1.000000
125 125 126
0.99864 0.0289117 0.0433888 1.98
-0.0141814 0.951416 -0.307582 1.90335
-0.0501733 0.306548 0.950533 -0.190999
0.000000 0.000000 0.000000 1.000000
126 126 127
0.998562 0.0305149 0.044062 1.97883
-0.0158051 0.953195 -0.301944 1.90647
-0.0512129 0.300814 0.952307 -0.189621
0.000000 0.000000 0.000000 1.000000
127 127 128
0.998533 0.0309431 0.0444422 1.9783
-0.0164809 0.955384 -0.294907 1.90945
-0.0515842 0.293742 0.954491 -0.188179
0.000000 0.000000 0.000000 1.000000
128 128 129
0.998534 0.0301509 0.044948 1.97751
-0.01598 0.957676 -0.287408 1.91276
-0.0517111 0.286268 0.956754 -0.186626
0.000000 0.000000 0.000000 1.000000
129 129 130
0.998372 0.0324063 0.0469237 1.97644
-0.018326 0.961521 -0.274124 1.92007
-0.0540013 0.272818 0.960549 -0.183511
0.000000 0.000000 0.000000 1.000000
130 130 131
0.998339 0.0314275 0.0482927 1.97537
-0.0177714 0.965241 -0.260759 1.92651
-0.054808 0.259468 0.964196 -0.180435
0.000000 0.000000 0.000000 1.000000
131 131 132
0.998289 0.0313444 0.0493736 1.97467
-0.0177582 0.96685 -0.254728 1.9295
-0.0557206 0.253415 0.965752 -0.179042
0.000000 0.000000 0.000000 1.000000
132 132 133
0.998271 0.0325485 0.0489538 1.97333
-0.0196098 0.96941 -0.244662 1.93448
-0.0554199 0.243279 0.968372 -0.17668
0.000000 0.000000 0.000000 1.000000
133 133 134
0.99819 0.033666 0.0498334 1.97197
-0.0209226 0.971268 -0.237069 1.93909
-0.0563826 0.235597 0.970214 -0.174933
0.000000 0.000000 0.000000 1.000000
134 134 135
0.998222 0.0338613 0.0490684 1.97207
-0.0215136 0.972186 -0.233221 1.94141
-0.0556003 0.23175 0.971185 -0.174066
0.000000 0.000000 0.000000 1.000000
135 135 136
0.998173 0.0350438 0.0492376 1.9718
-0.0228443 0.973056 -0.229437 1.94382
-0.0559507 0.227893 0.972077 -0.173426
0.000000 0.000000 0.000000 1.000000
136 136 137
0.998141 0.0363259 0.0489344 1.97113
-0.0243632 0.973832 -0.225959 1.94577
-0.0558618 0.224346 0.972907 -0.172751
0.000000 0.000000 0.000000 1.000000
137 137 138
0.998253 0.0368209 0.0461904 1.97343
-0.0256917 0.974758 -0.221787 1.94795
-0.0531903 0.220213 0.974 -0.172024
0.000000 0.000000 0.000000 1.000000
138 138 139
0.998231 0.0375477 0.0461064 1.97328
-0.0268738 0.976582 -0.213463 1.95255
-0.0530412 0.211846 0.975863 -0.169917
0.000000 0.000000 0.000000 1.000000
139 139 140
0.998333 0.0348544 0.0460022 1.97338
-0.0244902 0.977568 -0.209194 1.95469
-0.0522617 0.207719 0.976791 -0.168737
0.000000 0.000000 0.000000 1.000000
140 140 141
0.998558 0.0292714 0.0449877 1.9741
-0.0197405 0.979739 -0.199305 1.95851
-0.0499089 0.198131 0.978904 -0.166164
0.000000 0.000000 0.000000 1.000000
141 141 142
0.998582 0.0284432 0.0449966 1.97371
-0.0191423 0.980608 -0.195044 1.96118
-0.0496713 0.193906 0.979762 -0.164782
0.000000 0.000000 0.000000 1.000000
142 142 143
0.998632 0.0273002 0.0445825 1.97369
-0.0183185 0.981481 -0.190684 1.96401
-0.0489625 0.189607 0.980639 -0.16338
0.000000 0.000000 0.000000 1.000000
143 143 144
0.998634 0.0273143 0.0445349 1.97387
-0.0185822 0.982404 -0.185842 1.96618
-0.0488274 0.184761 0.981569 -0.162033
0.000000 0.000000 0.000000 1.000000
144 144 145
0.998674 0.0271925 0.043705 1.97371
-0.0188718 0.983373 -0.180612 1.96989
-0.0478891 0.179548 0.982583 -0.160479
0.000000 0.000000 0.000000 1.000000
145 145 146
0.998717 0.0272892 0.0426774 1.97428
-0.0194404 0.984456 -0.174556 1.97323
-0.0467777 0.173502 0.983723 -0.1589
0.000000 0.000000 0.000000 1.000000
146 146 147
0.998739 0.0262088 0.0428118 1.97419
-0.0186717 0.985645 -0.167803 1.97756
-0.0465942 0.166791 0.98489 -0.157143
0.000000 0.000000 0.000000 1.000000
147 147 148
0.998829 0.0241494 0.0419351 1.97425
-0.0171514 0.986991 -0.159864 1.98072
-0.0452503 0.158957 0.986248 -0.15535
0.000000 0.000000 0.000000 1.000000
148 148 149
0.998933 0.0210066 0.0411202 1.9747
-0.0145471 0.988351 -0.151496 1.98446
-0.0438222 0.150736 0.987601 -0.153603
0.000000 0.000000 0.000000 1.000000
149 149 150
0.998997 0.0186456 0.0407297 1.97504
-0.0126191 0.989569 -0.143515 1.98667
-0.0429799 0.142857 0.988809 -0.152021
0.000000 0.000000 0.000000 1.000000
150 150 151
0.99907 0.0166157 0.0397841 1.97558
-0.0112661 0.991306 -0.131093 1.99209
-0.0416159 0.130523 0.990571 -0.149282
0.000000 0.000000 0.000000 1.000000
151 151 152
0.999095 0.0167869 0.0391057 1.97658
-0.0117741 0.99208 -0.125058 1.99507
-0.0408948 0.124484 0.991379 -0.147949
0.000000 0.000000 0.000000 1.000000
152 152 153
0.999052 0.0183639 0.0394788 1.97616
-0.0135596 0.992841 -0.118681 1.99872
-0.0413748 0.118033 0.992148 -0.146484
0.000000 0.000000 0.000000 1.000000
153 153 154
0.99903 0.0187721 0.0398557 1.97676
-0.0146095 0.99465 -0.10227 2.00321
-0.0415618 0.101588 0.993958 -0.143804
0.000000 0.000000 0.000000 1.000000
154 154 155
0.998981 0.0208892 0.0400191 1.97711
-0.0169654 0.995238 -0.0959889 2.00488
-0.0418328 0.0952112 0.994578 -0.142576
0.000000 0.000000 0.000000 1.000000
155 155 156
0.998844 0.0238956 0.0417136 1.97734
-0.0200327 0.995679 -0.0906816 2.00631
-0.0436995 0.0897405 0.995005 -0.141468
0.000000 0.000000 0.000000 1.000000
156 156 157
0.99871 0.0260539 0.043571 1.97754
-0.0222331 0.996049 -0.0859773 2.00856
-0.0456382 0.0848971 0.995345 -0.140466
0.000000 0.000000 0.000000 1.000000
157 157 158
0.998571 0.0279567 0.0455605 1.97758
-0.0241967 0.996415 -0.081075 2.01021
-0.0476636 0.079857 0.995667 -0.139508
0.000000 0.000000 0.000000 1.000000
158 158 159
0.998402 0.0305405 0.0475457 1.97745
-0.0268183 0.996667 -0.0770464 2.01277
-0.0497403 0.0756469 0.995894 -0.138509
0.000000 0.000000 0.000000 1.000000
159 159 160
0.998227 0.0325482 0.0498553 1.97696
-0.0288354 0.996882 -0.0734526 2.0157
-0.0520907 0.0718848 0.996052 -0.137737
0.000000 0.000000 0.000000 1.000000
160 160 161
0.998087 0.0343235 0.0514387 1.97616
-0.0307194 0.997125 -0.0692778 2.01777
-0.0536687 0.067564 0.99627 -0.136841
0.000000 0.000000 0.000000 1.000000
161 161 162
0.997743 0.0386693 0.0548845 1.97546
-0.0353191 0.997529 -0.0607385 2.02274
-0.0570976 0.058663 0.996643 -0.13484
0.000000 0.000000 0.000000 1.000000
162 162 163
0.997634 0.0398752 0.0559993 1.97535
-0.0367729 0.99779 -0.0553661 2.02415
-0.0580832 0.0531761 0.996894 -0.133949
0.000000 0.000000 0.000000 1.000000
163 163 164
0.99747 0.0413815 0.0578008 1.97521
-0.0387354 0.998182 -0.0461747 2.02744
-0.0596061 0.0438189 0.99726 -0.132189
0.000000 0.000000 0.000000 1.000000
164 164 165
0.997461 0.0420161 0.0575066 1.97541
-0.0395992 0.998311 -0.0425297 2.02999
-0.0591962 0.0401448 0.997439 -0.131466
0.000000 0.000000 0.000000 1.000000
165 165 166
0.997485 0.0417004 0.0573219 1.97545
-0.0395405 0.998483 -0.0383147 2.03272
-0.0588322 0.0359507 0.99762 -0.13089
0.000000 0.000000 0.000000 1.000000
166 166 167
0.997503 0.041642 0.0570416 1.97502
-0.0397868 0.998655 -0.0332729 2.03446
-0.0583506 0.0309198 0.997817 -0.130127
0.000000 0.000000 0.000000 1.000000
167 167 168
0.997558 0.0408559 0.0566572 1.97463
-0.039269 0.998813 -0.0288365 2.03622
-0.0577685 0.026541 0.997977 -0.129418
0.000000 0.000000 0.000000 1.000000
168 168 169
0.997554 0.0396883 0.0575388 1.97457
-0.03832 0.998961 -0.0246815 2.03755
-0.0584587 0.022416 0.998038 -0.128746
0.000000 0.000000 0.000000 1.000000
169 169 170
0.997514 0.0399655 0.0580555 1.97371
-0.0387765 0.999018 -0.0214743 2.03909
-0.0588568 0.019169 0.998082 -0.128191
0.000000 0.000000 0.000000 1.000000
170 170 171
0.997495 0.0403522 0.0581039 1.97309
-0.0393376 0.999055 -0.0185092 2.04086
-0.0587959 0.0161775 0.998139 -0.127901
0.000000 0.000000 0.000000 1.000000
171 171 172
0.997492 0.0407179 0.0578921 1.97287
-0.0398829 0.999084 -0.0155055 2.04262
-0.05847 0.0131574 0.998202 -0.127691
0.000000 0.000000 0.000000 1.000000
172 172 173
0.997476 0.0406786 0.0582013 1.9728
-0.0399874 0.999116 -0.0129938 2.04448
-0.058678 0.0106335 0.99822 -0.127567
0.000000 0.000000 0.000000 1.000000
173 173 174
0.997435 0.0401004 0.05928 1.97231
-0.0395798 0.999167 -0.00991941 2.04619
-0.0596279 0.00754711 0.998192 -0.127476
0.000000 0.000000 0.000000 1.000000
174 174 175
0.996635 0.038055 0.0726047 1.97054
-0.0402166 0.998784 0.0285446 2.06422
-0.0714298 -0.0313686 0.996952 -0.127698
0.000000 0.000000 0.000000 1.000000
175 175 176
0.996607 0.0371259 0.0734634 1.97049
-0.0397502 0.998612 0.0345932 2.06653
-0.0720768 -0.0373964 0.996697 -0.12785
0.000000 0.000000 0.000000 1.000000
176 176 177
0.99644 0.0366802 0.0759058 1.96997
-0.0397869 0.998414 0.0398273 2.06918
-0.0743242 -0.0427057 0.996319 -0.128023
0.000000 0.000000 0.000000 1.000000
177 177 178
0.996239 0.0381456 0.0778076 1.96949
-0.0416658 0.998157 0.0441346 2.07175
-0.0759799 -0.0472102 0.995991 -0.128235
0.000000 0.000000 0.000000 1.000000
178 178 179
0.996102 0.0384509 0.0793895 1.96888
-0.0424431 0.997886 0.0492303 2.07465
-0.0773283 -0.0524081 0.995627 -0.128499
0.000000 0.000000 0.000000 1.000000
179 179 180
0.996063 0.0369355 0.0805911 1.96861
-0.0413757 0.997676 0.0541374 2.0769
-0.0784036 -0.05726 0.995276 -0.128581
0.000000 0.000000 0.000000 1.000000
180 180 181
0.996061 0.0353863 0.0813056 1.9686
-0.0401535 0.997523 0.0577664 2.07915
-0.0790602 -0.0608031 0.995013 -0.128647
0.000000 0.000000 0.000000 1.000000
181 181 182
0.996011 0.0346953 0.0822104 1.96865
-0.0397503 0.997366 0.060672 2.08162
-0.0798888 -0.0636982 0.994767 -0.128674
0.000000 0.000000 0.000000 1.000000
182 182 183
0.995934 0.0326709 0.0839495 1.96888
-0.0381231 0.99721 0.0641863 2.0837
-0.0816176 -0.0671257 0.9944 -0.128639
0.000000 0.000000 0.000000 1.000000
183 183 184
0.995887 0.0306559 0.0852699 1.96892
-0.0364502 0.99707 0.067256 2.08532
-0.0829587 -0.0700875 0.994086 -0.128565
0.000000 0.000000 0.000000 1.000000
184 184 185
0.995848 0.0278512 0.0866598 1.96944
-0.0340179 0.996931 0.0705222 2.08687
-0.0844292 -0.0731774 0.993738 -0.128671
0.000000 0.000000 0.000000 1.000000
185 185 186
0.995807 0.0266725 0.0875004 1.96978
-0.0331696 0.996732 0.0736605 2.08835
-0.0852498 -0.076254 0.993438 -0.128897
0.000000 0.000000 0.000000 1.000000
186 186 187
0.995695 0.0267426 0.0887431 1.9701
-0.0336364 0.996455 0.0771163 2.09002
-0.0863667 -0.0797695 0.993065 -0.12923
0.000000 0.000000 0.000000 1.000000
187 187 188
0.995548 0.0274217 0.0901757 1.97046
-0.034695 0.996183 0.0801074 2.09146
-0.0876344 -0.0828795 0.992699 -0.129614
0.000000 0.000000 0.000000 1.000000
188 188 189
0.995374 0.0273652 0.0920971 1.97078
-0.0350351 0.995957 0.082727 2.0929
-0.0894604 -0.0855707 0.992308 -0.130178
0.000000 0.000000 0.000000 1.000000
189 189 190
0.995246 0.0256539 0.0939506 1.9712
-0.0337441 0.995762 0.0855584 2.09438
-0.0913572 -0.0883229 0.991893 -0.130915
0.000000 0.000000 0.000000 1.000000
190 190 191
0.994945 0.0277919 0.0965032 1.97233
-0.0365432 0.995259 0.090141 2.09732
-0.0935408 -0.0932121 0.991242 -0.132573
0.000000 0.000000 0.000000 1.000000
191 191 192
0.994727 0.0272302 0.0988761 1.97284
-0.0364987 0.994981 0.0931724 2.09859
-0.0958418 -0.09629 0.990728 -0.133601
0.000000 0.000000 0.000000 1.000000
192 192 193
0.994653 0.0272039 0.0996258 1.97323
-0.0369011 0.994617 0.0968297 2.1
-0.0964545 -0.0999889 0.990302 -0.13471
0.000000 0.000000 0.000000 1.000000
193 193 194
0.99446 0.0320006 0.100126 1.97355
-0.0425378 0.993569 0.10494 2.10332
-0.0961235 -0.108619 0.989425 -0.137141
0.000000 0.000000 0.000000 1.000000
194 194 195
0.994516 0.0332992 0.0991444 1.97386
-0.0441006 0.993082 0.108828 2.10488
-0.0948341 -0.112604 0.989104 -0.138566
0.000000 0.000000 0.000000 1.000000
195 195 196
0.994573 0.038346 0.0967168 1.97374
-0.0492732 0.992344 0.11325 2.10749
-0.0916329 -0.117401 0.988847 -0.141534
0.000000 0.000000 0.000000 1.000000
196 196 197
0.994576 0.0409312 0.0956219 1.97342
-0.0518478 0.992055 0.114622 2.10929
-0.0901707 -0.11896 0.988797 -0.142972
0.000000 0.000000 0.000000 1.000000
197 197 198
0.994602 0.0417377 0.0950011 1.97334
-0.0527563 0.991777 0.116602 2.11052
-0.0893523 -0.120984 0.988624 -0.144307
0.000000 0.000000 0.000000 1.000000
198 198 199
0.994691 0.042275 0.0938253 1.97339
-0.0533554 0.99147 0.118917 2.11195
-0.0879974 -0.123292 0.988461 -0.145486
0.000000 0.000000 0.000000 1.000000
199 199 200
0.994644 0.0443047 0.0933919 1.97339
-0.05557 0.991011 0.121699 2.11342
-0.08716 -0.126237 0.988163 -0.146452
0.000000 0.000000 0.000000 1.000000
200 200 201
0.993914 0.0523013 0.0969505 1.97078
-0.0641222 0.990318 0.123124 2.12324
-0.0895718 -0.12859 0.987644 -0.146042
0.000000 0.000000 0.000000 1.000000
201 201 202
0.993835 0.0527868 0.0975008 1.97097
-0.0649442 0.989895 0.126055 2.12511
-0.0898616 -0.131609 0.987219 -0.146806
0.000000 0.000000 0.000000 1.000000
202 202 203
0.993813 0.0525323 0.0978521 1.97123
-0.0651452 0.989303 0.130518 2.1274
-0.0899487 -0.136085 0.986605 -0.147365
0.000000 0.000000 0.000000 1.000000
203 203 204
0.993743 0.0536699 0.0979545 1.97181
-0.0668156 0.988415 0.136281 2.13034
-0.0895047 -0.141972 0.985815 -0.147952
0.000000 0.000000 0.000000 1.000000
204 204 205
0.993661 0.0544388 0.0983588 1.97206
-0.0682581 0.987353 0.143096 2.133
-0.089324 -0.148902 0.984809 -0.148473
0.000000 0.000000 0.000000 1.000000
205 205 206
0.994066 0.0507957 0.0961834 1.97293
-0.0657493 0.985036 0.159313 2.13882
-0.0866512 -0.164692 0.982532 -0.14956
0.000000 0.000000 0.000000 1.000000
206 206 207
0.994242 0.0494688 0.0950522 1.97362
-0.064935 0.983781 0.167212 2.14131
-0.085239 -0.172421 0.981327 -0.150046
0.000000 0.000000 0.000000 1.000000
207 207 208
0.994334 0.0483355 0.0946876 1.9745
-0.0643342 0.982646 0.173977 2.14386
-0.0846344 -0.179082 0.980187 -0.150596
0.000000 0.000000 0.000000 1.000000
208 208 209
0.994401 0.0474958 0.0944046 1.97554
-0.0640433 0.981427 0.18083 2.14634
-0.0840617 -0.185863 0.978973 -0.151295
0.000000 0.000000 0.000000 1.000000
209 209 210
0.994437 0.0450386 0.0952216 1.97803
-0.0628831 0.979058 0.193629 2.15053
-0.0845065 -0.198538 0.976443 -0.152649
0.000000 0.000000 0.000000 1.000000
210 210 211
0.994405 0.0433743 0.0963225 1.97925
-0.0619414 0.978031 0.199048 2.15254
-0.0855725 -0.203901 0.975244 -0.153403
0.000000 0.000000 0.000000 1.000000
211 211 212
0.994297 0.0438977 0.0972018 1.98152
-0.0635673 0.975722 0.209587 2.15606
-0.0856406 -0.21457 0.972946 -0.154864
0.000000 0.000000 0.000000 1.000000
212 212 213
0.993999 0.0460789 0.0992149 1.98332
-0.0670139 0.973347 0.219329 2.15975
-0.0864636 -0.224661 0.970593 -0.156261
0.000000 0.000000 0.000000 1.000000
213 213 214
0.994137 0.0440924 0.0987355 1.98474
-0.0654336 0.972241 0.224649 2.16143
-0.0860889 -0.229792 0.969425 -0.156929
0.000000 0.000000 0.000000 1.000000
214 214 215
0.993911 0.043869 0.101085 1.98976
-0.068037 0.965908 0.249788 2.16459
-0.0866798 -0.255145 0.963009 -0.160394
0.000000 0.000000 0.000000 1.000000
215 215 216
0.993747 0.0456833 0.101886 1.99032
-0.0701844 0.965245 0.251749 2.16519
-0.0868445 -0.257325 0.962414 -0.160957
0.000000 0.000000 0.000000 1.000000
216 216 217
0.993724 0.0457681 0.102072 1.99083
-0.0706134 0.964347 0.255046 2.16618
-0.0867594 -0.260653 0.961526 -0.161748
0.000000 0.000000 0.000000 1.000000
217 217 218
0.993868 0.0449765 0.101021 1.99162
-0.0699301 0.963315 0.259103 2.16681
-0.0856609 -0.264578 0.960552 -0.162382
0.000000 0.000000 0.000000 1.000000
218 218 219
0.993949 0.0450033 0.100213 1.99209
-0.0700809 0.962261 0.262951 2.16772
-0.0845971 -0.268382 0.95959 -0.162935
0.000000 0.000000 0.000000 1.000000
219 219 220
0.993955 0.0453341 0.0999977 1.9925
-0.0706824 0.96115 0.266823 2.16868
-0.0840164 -0.272278 0.958543 -0.163518
0.000000 0.000000 0.000000 1.000000
220 220 221
0.994002 0.0448038 0.099775 1.99267
-0.0705154 0.959857 0.271484 2.16968
-0.0836054 -0.276891 0.957257 -0.164187
0.000000 0.000000 0.000000 1.000000
221 221 222
0.994146 0.0445949 0.0984069 1.99328
-0.0703387 0.958515 0.276226 2.17119
-0.0820065 -0.281531 0.956041 -0.164866
0.000000 0.000000 0.000000 1.000000
222 222 223
0.994278 0.0441417 0.0972791 1.99393
-0.0700096 0.95707 0.281275 2.17276
-0.0806865 -0.286475 0.954684 -0.16568
0.000000 0.000000 0.000000 1.000000
223 223 224
0.994363 0.0426365 0.0970749 1.99432
-0.068905 0.955741 0.286028 2.17391
-0.0805825 -0.291104 0.953291 -0.166425
0.000000 0.000000 0.000000 1.000000
224 224 225
0.994479 0.0408879 0.09665 1.9945
-0.0674626 0.954542 0.290342 2.17489
-0.0803848 -0.295259 0.952029 -0.167225
0.000000 0.000000 0.000000 1.000000
225 225 226
0.994689 0.0378433 0.0957155 1.99547
-0.0645404 0.953736 0.293637 2.17589
-0.0801754 -0.298255 0.951113 -0.16835
0.000000 0.000000 0.000000 1.000000
226 226 227
0.994621 0.0374194 0.0965936 1.99598
-0.0646279 0.952898 0.296326 2.17604
-0.0809547 -0.300975 0.95019 -0.16948
0.000000 0.000000 0.000000 1.000000
227 227 228
0.99425 0.0370062 0.100492 1.99708
-0.0655105 0.952506 0.297391 2.17667
-0.0847144 -0.302264 0.949452 -0.173094
0.000000 0.000000 0.000000 1.000000
228 228 229
0.993788 0.0356882 0.105419 1.99908
-0.0652642 0.954117 0.292236 2.17516
-0.0901521 -0.297299 0.950518 -0.18455
0.000000 0.000000 0.000000 1.000000
229 229 230
0.993595 0.0365152 0.106943 1.99989
-0.0661846 0.955099 0.288801 2.17503
-0.091595 -0.294029 0.951398 -0.188025
0.000000 0.000000 0.000000 1.000000
230 230 231
0.99284 0.0362665 0.113811 2.00171
-0.0673452 0.956878 0.282574 2.17434
-0.0986552 -0.288215 0.95247 -0.194714
0.000000 0.000000 0.000000 1.000000
231 231 232
0.992815 0.034303 0.114646 2.00274
-0.0656027 0.957263 0.281683 2.1735
-0.100084 -0.287179 0.952633 -0.198246
0.000000 0.000000 0.000000 1.000000
232 232 233
0.993025 0.0335256 0.113041 2.00418
-0.0642666 0.957693 0.280524 2.1734
-0.0988536 -0.285831 0.953167 -0.202152
0.000000 0.000000 0.000000 1.000000
233 233 234
0.993194 0.0345612 0.111235 2.00587
-0.0646118 0.958047 0.279232 2.17261
-0.0969175 -0.284519 0.953758 -0.206065
0.000000 0.000000 0.000000 1.000000
234 234 235
0.993139 0.0379597 0.110607 2.00766
-0.0675069 0.958434 0.277212 2.17244
-0.095486 -0.282777 0.95442 -0.210041
0.000000 0.000000 0.000000 1.000000
235 235 236
0.992845 0.0387075 0.112958 2.00991
-0.068727 0.958842 0.275499 2.17234
-0.097645 -0.281291 0.954642 -0.213887
0.000000 0.000000 0.000000 1.000000
236 236 237
0.992773 0.0326611 0.115481 2.01321
-0.0635283 0.959402 0.274797 2.17293
-0.101817 -0.280146 0.954542 -0.218001
0.000000 0.000000 0.000000 1.000000
237 237 238
0.992856 0.0286263 0.115834 2.01679
-0.0597522 0.959583 0.27501 2.17321
-0.10328 -0.279967 0.954438 -0.222296
0.000000 0.000000 0.000000 1.000000
238 238 239
0.992602 0.0294798 0.117784 2.02036
-0.0611096 0.959549 0.274831 2.17344
-0.104917 -0.279995 0.95425 -0.226661
0.000000 0.000000 0.000000 1.000000
239 239 240
0.992182 0.0299831 0.121143 2.02365
-0.0624559 0.959702 0.273996 2.17393
-0.108045 -0.279419 0.95407 -0.231416
0.000000 0.000000 0.000000 1.000000
240 240 241
0.992019 0.0314758 0.122103 2.02754
-0.0640772 0.95983 0.27317 2.1743
-0.108599 -0.278813 0.954185 -0.236509
0.000000 0.000000 0.000000 1.000000
241 241 242
0.991771 0.0348989 0.123184 2.0308
-0.0675406 0.959979 0.271806 2.17446
-0.108768 -0.277889 0.954435 -0.241724
0.000000 0.000000 0.000000 1.000000
242 242 243
0.991346 0.0385226 0.125496 2.03419
-0.0713896 0.960461 0.269108 2.17452
-0.110168 -0.275737 0.954899 -0.247049
